KNN

[[ 1  2  0  0  0  0  0  0  0]
 [ 0  6  2  0  0  0  0  0  0]
 [ 0  2 31  4  1  0  0  0  0]
 [ 0  0  2 37  3  0  0  0  0]
 [ 0  0  0  8 47  2  0  0  0]
 [ 0  0  0  0  5 16  4  0  0]
 [ 0  0  0  0  0  0 12  0  0]
 [ 0  0  0  0  0  0  1  0  0]
 [ 0  0  0  0  0  0  1  1  1]]
              precision    recall  f1-score   support

           1       1.00      0.33      0.50         3
           2       0.60      0.75      0.67         8
           3       0.89      0.82      0.85        38
           4       0.76      0.88      0.81        42
           5       0.84      0.82      0.83        57
           6       0.89      0.64      0.74        25
           7       0.67      1.00      0.80        12
           8       0.00      0.00      0.00         1
           9       1.00      0.33      0.50         3

    accuracy                           0.80       189
   macro avg       0.74      0.62      0.63       189
weighted avg       0.82      0.80      0.80       189
